MOVES: 
e4 45623 | 31245 | 48979 | 0.487
d4 42345 | 28765 | 27655 | 0.574
Nf3 20123 | 14567 | 10988 | 0.600
c4 11234 | 7890 | 4332 | 0.647

MOVES: 1. e4
e5 45678 | 23456 | 32122 | 0.567
g6 100 | 0 | 70 | 0.588

MOVES: 1. e4 e5
Nf3 40123 | 26789 | 22544 | 0.598
Bc4 22345 | 12345 | 10988 | 0.624
d4 11234 | 6789 | 5433 | 0.624

MOVES: 1. e4 e5 2. Nf3 Nc6
Bc4 22345 | 12345 | 10988 | 0.624
Bb5 17890 | 9876 | 6801 | 0.660
d4 5678 | 3456 | 3211 | 0.600

MOVES: 1. e4 e5 2. Nf3 Nc6 3. Bc4 Bc5
c3 11234 | 6789 | 5433 | 0.624
O-O 5678 | 3456 | 3211 | 0.600
b4 4567 | 2345 | 1989 | 0.645

MOVES: 1. d4 d5
c4 31234 | 20123 | 16533 | 0.608
Nf3 22345 | 12345 | 10988 | 0.624
e3 11234 | 6789 | 5433 | 0.624

MOVES: 1. d4 d5 2. c4 e6
Nc3 17890 | 9876 | 6801 | 0.660
Nf3 11234 | 6789 | 5433 | 0.624
cxd5 5678 | 3456 | 3211 | 0.600

MOVES: 1. e4 c5
Nf3 26789 | 17890 | 12110 | 0.629
c3 11234 | 6789 | 5433 | 0.624
d4 5678 | 3456 | 3211 | 0.600

MOVES: 1. e4 c5 2. Nf3 d6
d4 17890 | 9876 | 6801 | 0.660
Bb5+ 5678 | 3456 | 3211 | 0.600
c3 4567 | 2345 | 1989 | 0.645

MOVES: 1. e4 e6
d4 22345 | 12345 | 10988 | 0.624
Nf3 11234 | 6789 | 5433 | 0.624
c3 5678 | 3456 | 3211 | 0.600

MOVES: 1. e4 e6 2. d4 d5
exd5 11234 | 6789 | 5433 | 0.624
Nc3 17890 | 9876 | 6801 | 0.660
e5 5678 | 3456 | 3211 | 0.600

MOVES: 1. Nf3 d5
d4 17890 | 9876 | 6801 | 0.660
c4 11234 | 6789 | 5433 | 0.624
g3 5678 | 3456 | 3211 | 0.600

MOVES: 1. c4 e5
Nc3 11234 | 6789 | 5433 | 0.624
Nf3 17890 | 9876 | 6801 | 0.660
g3 5678 | 3456 | 3211 | 0.600

MOVES: 1. e4 e5 2. Nf3 Nc6 3. Bb5
a6 15678 | 8901 | 6780 | 0.642
Nf6 12345 | 6789 | 5433 | 0.641
Bc5 8901 | 4567 | 3211 | 0.671

MOVES: 1. e4 e5 2. Nf3 Nc6 3. Bb5 a6
Ba4 12345 | 6789 | 5433 | 0.641
Bxc6 8901 | 4567 | 3211 | 0.671
Be2 5678 | 3456 | 2345 | 0.645

MOVES: 1. d4 Nf6
c4 23456 | 12345 | 8901 | 0.663
Nf3 17890 | 9876 | 6801 | 0.660
g3 11234 | 6789 | 5433 | 0.624

MOVES: 1. d4 Nf6 2. c4 g6
Nc3 15678 | 8901 | 6780 | 0.642
Nf3 12345 | 6789 | 5433 | 0.641
g3 8901 | 4567 | 3211 | 0.671

MOVES: 1. d4 Nf6 2. c4 e6
Nc3 17890 | 9876 | 6801 | 0.660
Nf3 12345 | 6789 | 5433 | 0.641
g3 8901 | 4567 | 3211 | 0.671